IDX	STEP	WORK	TIME	  LOOP	ALARM	Cur	Vol	Cap	Tmp	v1	v2	v3	v4	v5	v6	v7	v8	v9	v10	v11	v12	v13	v14	v15	v16	v17	v18	v19	v20	v21	v22	v23	v24
1	1	44	00:10:01  1	80	-6.00	230.00	0.99	0.00	12.789	12.787	12.765	12.774	12.792	12.784	12.799	12.799	12.785	12.790	12.783	12.788	12.762	12.793	12.799	12.775	12.782	12.722	0.010	0.005	0.004	0.002	0.002	0.008	
2	1	44	00:20:01  1	80	-6.00	226.70	1.99	0.00	12.702	12.693	12.683	12.690	12.695	12.698	12.714	12.702	12.698	12.701	12.699	12.692	12.687	12.704	12.697	12.692	12.694	12.630	0.002	0.007	0.011	0.002	0.003	0.009	
3	1	44	00:30:01  1	80	-6.00	224.90	2.99	0.00	12.600	12.596	12.582	12.578	12.603	12.593	12.606	12.600	12.592	12.597	12.591	12.590	12.581	12.601	12.604	12.592	12.589	12.526	0.008	0.005	-0.002	0.012	0.018	0.007	
4	1	44	00:40:01  1	80	-6.00	222.90	3.99	0.00	12.486	12.485	12.465	12.471	12.482	12.487	12.493	12.494	12.491	12.484	12.484	12.481	12.472	12.491	12.496	12.484	12.477	12.409	0.006	0.011	0.003	0.014	0.001	0.001	
5	1	44	00:50:01  1	80	-6.00	220.90	4.99	0.00	12.369	12.360	12.353	12.358	12.360	12.368	12.383	12.374	12.360	12.368	12.368	12.361	12.357	12.373	12.365	12.349	12.367	12.300	0.005	0.005	0.006	0.006	0.003	0.008	
6	1	44	01:00:01  1	80	-6.00	218.60	5.99	0.00	12.236	12.230	12.224	12.230	12.230	12.235	12.254	12.246	12.235	12.237	12.237	12.236	12.221	12.245	12.246	12.227	12.233	12.171	0.006	0.006	0.007	0.007	0.001	0.009	
7	1	44	01:10:01  1	80	-6.00	216.20	6.99	0.00	12.105	12.098	12.079	12.085	12.095	12.099	12.112	12.112	12.098	12.095	12.098	12.097	12.082	12.105	12.106	12.088	12.095	12.032	0.007	0.005	0.006	0.006	0.005	0.010	
8	1	44	01:20:02  1	80	-6.00	213.40	7.99	0.00	11.950	11.947	11.938	11.934	11.940	11.957	11.966	11.957	11.951	11.952	11.944	11.947	11.941	11.952	11.952	11.947	11.952	11.874	0.006	0.010	0.005	0.002	0.007	0.007	
9	1	44	01:30:02  1	80	-6.00	210.60	8.99	0.00	11.797	11.799	11.782	11.778	11.789	11.805	11.811	11.808	11.797	11.802	11.792	11.790	11.792	11.805	11.796	11.795	11.799	11.716	0.010	0.011	0.003	0.003	0.010	0.008	
10	1	44	01:40:00  1	80	-6.00	207.70	9.99	0.00	11.634	11.638	11.616	11.614	11.626	11.640	11.649	11.646	11.635	11.632	11.624	11.629	11.628	11.637	11.636	11.636	11.627	11.549	0.011	0.006	0.003	0.008	0.008	0.005	
11	2	44	00:00:01  1	80	-6.00	207.70	0.00	0.00	11.640	11.634	11.612	11.618	11.626	11.635	11.648	11.649	11.632	11.629	11.629	11.628	11.623	11.640	11.637	11.629	11.627	11.549	0.011	0.006	0.003	0.008	0.008	0.005	
12	2	44	00:00:11  1	80	-6.00	207.60	0.02	0.00	11.631	11.633	11.615	11.609	11.620	11.638	11.649	11.640	11.626	11.635	11.622	11.619	11.625	11.640	11.625	11.629	11.631	11.543	0.008	0.010	0.002	0.004	0.007	0.010	
13	2	44	00:00:20  1	80	-6.00	207.60	0.03	0.00	11.633	11.631	11.607	11.615	11.621	11.630	11.644	11.644	11.632	11.626	11.617	11.622	11.620	11.630	11.630	11.627	11.622	11.539	0.009	0.006	0.001	0.008	0.007	0.004	
14	2	44	00:00:31  1	80	-6.00	207.50	0.05	0.00	11.629	11.622	11.610	11.611	11.611	11.629	11.647	11.637	11.622	11.628	11.615	11.612	11.620	11.633	11.618	11.620	11.625	11.535	0.007	0.013	0.004	0.003	0.006	0.006	
15	2	44	00:00:41  1	80	-6.00	207.40	0.07	0.00	11.628	11.623	11.601	11.607	11.612	11.623	11.638	11.635	11.618	11.618	11.615	11.614	11.608	11.631	11.623	11.617	11.615	11.536	0.010	0.005	0.002	0.009	0.004	0.005	
16	2	44	00:00:50  1	80	-6.00	207.40	0.08	0.00	11.619	11.617	11.604	11.608	11.604	11.620	11.643	11.632	11.615	11.622	11.611	11.607	11.614	11.630	11.613	11.616	11.619	11.531	0.008	0.012	0.006	0.004	0.007	0.008	
17	2	44	00:01:01  1	80	-6.00	207.30	0.10	0.00	11.622	11.617	11.594	11.601	11.609	11.618	11.634	11.634	11.617	11.612	11.610	11.608	11.605	11.625	11.618	11.617	11.610	11.530	0.009	0.006	0.004	0.008	0.004	0.007	
18	2	44	00:01:11  1	80	-6.00	207.30	0.12	0.00	11.612	11.617	11.599	11.597	11.603	11.620	11.635	11.623	11.612	11.617	11.602	11.603	11.610	11.620	11.608	11.615	11.610	11.522	0.010	0.012	0.003	0.005	0.009	0.008	
19	2	44	00:01:20  1	80	-6.00	207.20	0.13	0.00	11.611	11.615	11.594	11.589	11.600	11.617	11.627	11.621	11.614	11.608	11.599	11.607	11.603	11.613	11.611	11.612	11.602	11.522	0.010	0.006	0.003	0.007	0.007	0.004	
20	2	44	00:01:31  1	80	-6.00	207.20	0.15	0.00	11.616	11.609	11.586	11.594	11.599	11.608	11.626	11.623	11.604	11.605	11.602	11.599	11.595	11.615	11.610	11.603	11.600	11.521	0.009	0.005	0.004	0.007	0.006	0.007	
21	2	44	00:01:41  1	80	-6.00	207.10	0.17	0.00	11.610	11.602	11.589	11.589	11.589	11.609	11.626	11.615	11.600	11.604	11.600	11.593	11.595	11.615	11.603	11.599	11.602	11.519	0.007	0.009	0.006	0.004	0.005	0.008	
22	2	44	00:01:50  1	80	-6.00	207.10	0.18	0.00	11.600	11.602	11.586	11.587	11.588	11.606	11.624	11.611	11.600	11.606	11.593	11.588	11.598	11.609	11.597	11.601	11.602	11.510	0.008	0.012	0.004	0.004	0.009	0.008	
23	2	44	00:02:01  1	80	-6.00	207.10	0.20	0.00	11.603	11.604	11.579	11.579	11.591	11.603	11.613	11.613	11.600	11.594	11.588	11.592	11.589	11.603	11.601	11.600	11.593	11.512	0.010	0.009	0.002	0.007	0.008	0.004	
24	2	44	00:02:11  1	80	-6.00	207.00	0.22	0.00	11.595	11.595	11.579	11.576	11.581	11.602	11.616	11.609	11.597	11.599	11.589	11.581	11.588	11.603	11.592	11.592	11.596	11.505	0.007	0.011	0.006	0.002	0.009	0.011	
25	2	44	00:02:20  1	80	-6.00	207.00	0.23	0.00	11.596	11.597	11.572	11.575	11.584	11.595	11.609	11.608	11.592	11.587	11.584	11.586	11.583	11.597	11.594	11.589	11.586	11.503	0.011	0.006	0.001	0.008	0.008	0.004	
26	2	44	00:02:31  1	80	-6.00	206.90	0.25	0.00	11.591	11.594	11.570	11.569	11.580	11.594	11.604	11.602	11.591	11.594	11.575	11.579	11.584	11.593	11.583	11.590	11.587	11.498	0.009	0.010	0.001	0.006	0.008	0.005	
27	2	44	00:02:41  1	80	-6.00	206.90	0.27	0.00	11.589	11.584	11.572	11.570	11.571	11.592	11.608	11.596	11.586	11.589	11.575	11.573	11.581	11.592	11.580	11.587	11.583	11.493	0.007	0.008	0.002	0.006	0.009	0.008	
28	2	44	00:02:50  1	80	-6.00	206.80	0.28	0.00	11.588	11.586	11.561	11.568	11.573	11.586	11.602	11.600	11.579	11.579	11.576	11.575	11.570	11.590	11.585	11.578	11.579	11.496	0.009	0.007	0.008	0.006	0.003	0.009	
29	2	44	00:03:01  1	80	-6.00	206.80	0.30	0.00	11.581	11.584	11.559	11.559	11.571	11.583	11.593	11.594	11.582	11.575	11.569	11.572	11.568	11.579	11.582	11.579	11.576	11.487	0.010	0.008	0.002	0.007	0.009	0.007	
30	2	44	00:03:11  1	80	-6.00	206.70	0.32	0.00	11.576	11.581	11.561	11.554	11.566	11.584	11.592	11.586	11.575	11.579	11.564	11.564	11.569	11.585	11.569	11.577	11.576	11.483	0.008	0.012	0.002	0.006	0.008	0.007	
31	2	44	00:03:20  1	80	-6.00	206.60	0.33	0.00	11.579	11.578	11.551	11.557	11.566	11.576	11.594	11.588	11.574	11.569	11.567	11.565	11.564	11.580	11.574	11.576	11.566	11.481	0.011	0.007	0.000	0.009	0.007	0.005	
32	2	44	00:03:31  1	80	-6.00	206.50	0.35	0.00	11.569	11.572	11.555	11.550	11.559	11.580	11.593	11.581	11.568	11.573	11.560	11.557	11.565	11.578	11.565	11.570	11.570	11.478	0.007	0.010	0.003	0.005	0.009	0.007	
33	2	44	00:03:41  1	80	-6.00	206.50	0.37	0.00	11.574	11.569	11.545	11.550	11.558	11.568	11.586	11.584	11.565	11.563	11.560	11.558	11.557	11.575	11.568	11.562	11.561	11.482	0.008	0.006	0.006	0.007	0.006	0.007	
34	2	44	00:03:50  1	80	-6.00	206.40	0.38	0.00	11.568	11.561	11.548	11.550	11.548	11.568	11.587	11.575	11.561	11.566	11.553	11.549	11.559	11.573	11.559	11.563	11.560	11.476	0.006	0.010	0.007	0.004	0.005	0.009	
35	2	44	00:04:01  1	80	-6.00	206.30	0.40	0.00	11.566	11.565	11.539	11.543	11.550	11.562	11.577	11.575	11.563	11.559	11.549	11.555	11.554	11.563	11.561	11.562	11.553	11.471	0.009	0.007	0.003	0.009	0.009	0.003	
36	2	44	00:04:11  1	80	-6.00	206.30	0.42	0.00	11.559	11.557	11.546	11.539	11.541	11.563	11.582	11.567	11.557	11.563	11.544	11.548	11.555	11.564	11.552	11.558	11.554	11.464	0.009	0.010	0.002	0.005	0.010	0.009	
37	2	44	00:04:20  1	80	-6.00	206.30	0.43	0.00	11.560	11.558	11.530	11.537	11.545	11.556	11.573	11.569	11.553	11.551	11.547	11.546	11.544	11.562	11.555	11.549	11.549	11.468	0.009	0.006	0.005	0.007	0.007	0.004	
38	2	44	00:04:31  1	80	-6.00	206.20	0.45	0.00	11.552	11.557	11.533	11.529	11.540	11.559	11.567	11.564	11.553	11.548	11.538	11.539	11.548	11.557	11.545	11.553	11.548	11.457	0.009	0.010	0.001	0.007	0.010	0.005	
39	2	44	00:04:41  1	80	-6.00	206.20	0.47	0.00	11.548	11.547	11.531	11.532	11.531	11.552	11.570	11.559	11.544	11.550	11.539	11.533	11.543	11.556	11.542	11.546	11.548	11.456	0.007	0.010	0.004	0.004	0.008	0.009	
40	2	44	00:04:50  1	80	-6.00	206.10	0.48	0.00	11.547	11.551	11.526	11.524	11.534	11.552	11.561	11.560	11.546	11.546	11.532	11.534	11.543	11.549	11.542	11.549	11.542	11.454	0.010	0.010	-0.001	0.005	0.009	0.005	
41	2	44	00:05:01  1	80	-6.00	206.10	0.50	0.00	11.549	11.540	11.523	11.528	11.528	11.544	11.565	11.554	11.536	11.542	11.534	11.527	11.534	11.552	11.536	11.537	11.541	11.451	0.006	0.010	0.006	0.004	0.008	0.010	
42	2	44	00:05:11  1	80	-6.00	206.00	0.52	0.00	11.542	11.543	11.517	11.519	11.528	11.542	11.556	11.552	11.539	11.534	11.528	11.530	11.530	11.542	11.539	11.535	11.533	11.447	0.011	0.008	0.001	0.008	0.009	0.005	
43	2	44	00:05:20  1	80	-6.00	205.90	0.53	0.00	11.540	11.533	11.516	11.520	11.520	11.539	11.559	11.549	11.529	11.537	11.525	11.520	11.530	11.545	11.529	11.531	11.532	11.447	0.007	0.007	0.006	0.005	0.004	0.009	
44	2	44	00:05:31  1	80	-6.00	205.80	0.55	0.00	11.536	11.536	11.508	11.512	11.522	11.534	11.549	11.548	11.536	11.530	11.518	11.523	11.527	11.534	11.530	11.533	11.525	11.440	0.010	0.009	0.001	0.008	0.007	0.005	
45	2	44	00:05:41  1	80	-6.00	205.80	0.57	0.00	11.530	11.530	11.515	11.508	11.512	11.537	11.552	11.536	11.529	11.530	11.516	11.516	11.525	11.534	11.523	11.531	11.525	11.431	0.009	0.011	0.002	0.006	0.008	0.005	
46	2	44	00:05:50  1	80	-6.00	205.70	0.58	0.00	11.532	11.526	11.502	11.510	11.513	11.526	11.547	11.541	11.523	11.521	11.514	11.518	11.517	11.530	11.527	11.524	11.517	11.436	0.011	0.005	0.005	0.007	0.005	0.007	
47	2	44	00:06:01  1	80	-6.00	205.70	0.60	0.00	11.522	11.523	11.507	11.501	11.507	11.530	11.545	11.530	11.524	11.524	11.508	11.511	11.520	11.526	11.517	11.525	11.518	11.424	0.009	0.011	0.003	0.006	0.009	0.009	
48	2	44	00:06:11  1	80	-6.00	205.60	0.62	0.00	11.525	11.518	11.498	11.503	11.505	11.519	11.540	11.533	11.512	11.517	11.509	11.510	11.509	11.523	11.520	11.516	11.509	11.430	0.009	0.005	0.005	0.008	0.004	0.007	
49	2	44	00:06:20  1	80	-6.00	205.60	0.63	0.00	11.519	11.512	11.499	11.497	11.496	11.521	11.539	11.525	11.511	11.516	11.508	11.502	11.507	11.526	11.513	11.510	11.515	11.427	0.005	0.007	0.007	0.004	0.005	0.008	
50	2	44	00:06:31  1	80	-6.00	205.50	0.65	0.00	11.512	11.517	11.495	11.491	11.497	11.521	11.533	11.524	11.513	11.511	11.498	11.503	11.509	11.517	11.510	11.516	11.505	11.418	0.010	0.009	0.002	0.009	0.008	0.004	
51	2	44	00:06:41  1	80	-6.00	205.50	0.67	0.00	11.514	11.507	11.490	11.492	11.491	11.511	11.535	11.519	11.505	11.510	11.498	11.492	11.502	11.518	11.501	11.506	11.503	11.417	0.007	0.008	0.005	0.006	0.007	0.010	
52	2	44	00:06:50  1	80	-6.00	205.40	0.68	0.00	11.508	11.512	11.485	11.482	11.494	11.511	11.521	11.518	11.507	11.500	11.491	11.495	11.496	11.508	11.500	11.507	11.501	11.404	0.011	0.010	0.001	0.007	0.010	0.004	
53	2	44	00:07:01  1	80	-6.00	205.40	0.70	0.00	11.501	11.507	11.487	11.482	11.483	11.508	11.523	11.510	11.502	11.505	11.487	11.488	11.500	11.508	11.494	11.503	11.499	11.399	0.010	0.010	0.001	0.005	0.009	0.006	
54	2	44	00:07:11  1	80	-6.00	205.30	0.72	0.00	11.504	11.496	11.480	11.482	11.479	11.502	11.521	11.509	11.497	11.502	11.485	11.481	11.493	11.506	11.491	11.493	11.495	11.403	0.006	0.008	0.005	0.006	0.005	0.009	
55	2	44	00:07:20  1	80	-6.00	205.30	0.73	0.00	11.494	11.500	11.477	11.471	11.481	11.503	11.512	11.509	11.498	11.494	11.480	11.487	11.490	11.496	11.493	11.497	11.486	11.394	0.011	0.006	0.004	0.008	0.006	0.005	
56	2	44	00:07:31  1	80	-6.00	205.10	0.75	0.00	11.490	11.494	11.476	11.469	11.474	11.499	11.512	11.501	11.493	11.494	11.476	11.482	11.489	11.495	11.488	11.493	11.490	11.388	0.009	0.009	0.005	0.004	0.009	0.010	
57	2	44	00:07:41  1	80	-6.00	205.10	0.77	0.00	11.490	11.487	11.470	11.466	11.469	11.496	11.512	11.495	11.484	11.489	11.479	11.473	11.482	11.498	11.482	11.484	11.484	11.386	0.006	0.008	0.007	0.003	0.008	0.010	
58	2	44	00:07:50  1	80	-6.00	205.00	0.78	0.00	11.491	11.488	11.459	11.466	11.472	11.486	11.505	11.500	11.486	11.481	11.472	11.476	11.478	11.487	11.484	11.485	11.475	11.386	0.011	0.005	0.005	0.009	0.005	0.005	
59	2	44	00:08:01  1	80	-6.00	204.90	0.80	0.00	11.479	11.483	11.464	11.461	11.462	11.490	11.504	11.491	11.481	11.484	11.466	11.469	11.477	11.485	11.474	11.483	11.477	11.373	0.010	0.009	0.003	0.005	0.009	0.006	
60	2	44	00:08:11  1	80	-6.00	204.80	0.82	0.00	11.484	11.478	11.454	11.460	11.464	11.478	11.500	11.494	11.474	11.475	11.465	11.463	11.467	11.486	11.475	11.471	11.468	11.377	0.009	0.004	0.005	0.008	0.006	0.007	
61	2	44	00:08:20  1	80	-6.00	204.80	0.83	0.00	11.481	11.472	11.450	11.454	11.462	11.477	11.494	11.491	11.472	11.471	11.464	11.463	11.463	11.483	11.474	11.471	11.466	11.375	0.007	0.007	0.007	0.007	0.004	0.005	
62	2	44	00:08:31  1	80	-6.00	204.70	0.85	0.00	11.478	11.469	11.448	11.453	11.452	11.472	11.495	11.486	11.465	11.469	11.460	11.455	11.464	11.479	11.471	11.466	11.468	11.371	0.007	0.004	0.006	0.007	0.005	0.006	
63	2	44	00:08:41  1	80	-6.00	204.60	0.87	0.00	11.469	11.466	11.448	11.450	11.447	11.469	11.492	11.482	11.460	11.469	11.457	11.453	11.458	11.478	11.462	11.461	11.465	11.366	0.005	0.008	0.006	0.004	0.006	0.008	
64	2	44	00:08:50  1	80	-6.00	204.50	0.88	0.00	11.466	11.461	11.445	11.443	11.445	11.469	11.489	11.474	11.459	11.467	11.450	11.446	11.461	11.471	11.454	11.462	11.463	11.358	0.007	0.009	0.003	0.004	0.009	0.008	
65	2	44	00:09:01  1	80	-6.00	204.40	0.90	0.00	11.464	11.463	11.436	11.438	11.446	11.462	11.480	11.477	11.460	11.454	11.447	11.450	11.449	11.466	11.458	11.455	11.451	11.357	0.010	0.008	0.003	0.008	0.007	0.005	
66	2	44	00:09:11  1	80	-6.00	204.40	0.92	0.00	11.455	11.460	11.436	11.429	11.439	11.463	11.473	11.467	11.454	11.460	11.439	11.440	11.453	11.462	11.448	11.457	11.452	11.349	0.010	0.010	0.003	0.006	0.010	0.006	
67	2	44	00:09:20  1	80	-6.00	204.30	0.93	0.00	11.459	11.450	11.429	11.431	11.433	11.454	11.474	11.469	11.450	11.448	11.441	11.441	11.442	11.460	11.451	11.448	11.445	11.350	0.007	0.007	0.006	0.005	0.005	0.008	
68	2	44	00:09:31  1	80	-6.00	204.30	0.95	0.00	11.450	11.453	11.427	11.422	11.434	11.456	11.464	11.461	11.451	11.446	11.433	11.438	11.441	11.450	11.445	11.448	11.438	11.346	0.009	0.011	0.001	0.006	0.009	0.006	
69	2	44	00:09:41  1	80	-6.00	204.20	0.97	0.00	11.448	11.443	11.424	11.424	11.422	11.451	11.470	11.461	11.440	11.444	11.434	11.428	11.437	11.455	11.440	11.439	11.440	11.344	0.006	0.008	0.008	0.006	0.005	0.008	
70	2	44	00:09:50  1	80	-6.00	204.10	0.98	0.00	11.446	11.439	11.422	11.423	11.421	11.448	11.467	11.453	11.435	11.443	11.427	11.423	11.436	11.451	11.431	11.439	11.439	11.338	0.006	0.007	0.007	0.006	0.005	0.010	
71	2	44	00:10:01  1	80	-6.00	204.10	1.00	0.00	11.438	11.437	11.418	11.416	11.416	11.445	11.462	11.446	11.435	11.439	11.424	11.419	11.433	11.447	11.430	11.435	11.436	11.331	0.006	0.010	0.005	0.003	0.008	0.008	
72	2	44	00:10:11  1	80	-6.00	204.00	1.02	0.00	11.435	11.433	11.415	11.410	11.412	11.442	11.460	11.443	11.433	11.436	11.415	11.417	11.431	11.439	11.424	11.436	11.430	11.325	0.008	0.012	0.002	0.005	0.008	0.008	
73	2	44	00:10:20  1	80	-6.00	204.00	1.03	0.00	11.429	11.429	11.413	11.407	11.408	11.439	11.454	11.439	11.429	11.432	11.412	11.414	11.428	11.437	11.421	11.430	11.426	11.321	0.007	0.010	0.003	0.006	0.008	0.007	
74	2	44	00:10:31  1	80	-6.00	203.90	1.05	0.00	11.424	11.428	11.405	11.399	11.409	11.435	11.446	11.437	11.429	11.425	11.405	11.412	11.422	11.426	11.417	11.428	11.424	11.315	0.009	0.012	0.004	0.003	0.009	0.009	
75	2	44	00:10:41  1	80	-6.00	203.90	1.07	0.00	11.424	11.426	11.398	11.396	11.406	11.431	11.438	11.435	11.423	11.423	11.402	11.408	11.419	11.425	11.416	11.426	11.415	11.311	0.010	0.010	0.000	0.006	0.010	0.005	
76	2	44	00:10:50  1	80	-6.00	203.80	1.08	0.00	11.418	11.422	11.397	11.393	11.401	11.426	11.439	11.430	11.421	11.416	11.400	11.407	11.414	11.419	11.410	11.422	11.409	11.309	0.010	0.010	0.001	0.006	0.011	0.008	
77	2	44	00:11:01  1	80	-6.00	203.70	1.10	0.00	11.420	11.415	11.390	11.392	11.395	11.414	11.435	11.429	11.411	11.410	11.400	11.404	11.407	11.418	11.413	11.414	11.403	11.311	0.010	0.005	0.005	0.008	0.006	0.008	
78	2	44	00:11:11  1	80	-6.00	203.60	1.12	0.00	11.411	11.411	11.391	11.387	11.389	11.420	11.435	11.420	11.410	11.413	11.391	11.394	11.410	11.415	11.401	11.410	11.405	11.301	0.009	0.011	0.003	0.004	0.008	0.010	
79	2	44	00:11:20  1	80	-6.00	203.60	1.13	0.00	11.414	11.409	11.382	11.386	11.387	11.409	11.431	11.422	11.401	11.405	11.393	11.389	11.399	11.415	11.400	11.403	11.397	11.304	0.010	0.006	0.006	0.007	0.006	0.009	
80	2	44	00:11:31  1	80	-6.00	203.50	1.15	0.00	11.408	11.406	11.376	11.381	11.385	11.401	11.425	11.418	11.404	11.398	11.384	11.393	11.397	11.404	11.398	11.404	11.391	11.294	0.011	0.006	0.004	0.007	0.006	0.006	
81	2	44	00:11:41  1	80	-6.00	203.40	1.17	0.00	11.396	11.400	11.379	11.371	11.376	11.407	11.421	11.409	11.401	11.399	11.378	11.384	11.396	11.402	11.390	11.401	11.390	11.288	0.011	0.010	0.001	0.007	0.009	0.005	
82	2	44	00:11:50  1	80	-6.00	203.30	1.18	0.00	11.401	11.393	11.370	11.374	11.373	11.397	11.421	11.409	11.389	11.395	11.380	11.373	11.387	11.402	11.387	11.390	11.391	11.288	0.006	0.006	0.007	0.008	0.004	0.008	
83	2	44	00:12:01  1	80	-6.00	203.30	1.20	0.00	11.397	11.393	11.363	11.367	11.372	11.394	11.412	11.405	11.388	11.387	11.371	11.379	11.385	11.392	11.386	11.391	11.379	11.284	0.011	0.005	0.005	0.006	0.006	0.005	
84	2	44	00:12:11  1	80	-6.00	203.20	1.22	0.00	11.389	11.390	11.366	11.360	11.364	11.395	11.408	11.396	11.387	11.386	11.366	11.370	11.384	11.390	11.377	11.388	11.379	11.276	0.011	0.008	0.002	0.007	0.008	0.009	
85	2	44	00:12:20  1	80	-6.00	203.10	1.23	0.00	11.387	11.385	11.356	11.358	11.364	11.383	11.405	11.400	11.385	11.378	11.364	11.369	11.375	11.385	11.380	11.382	11.371	11.275	0.010	0.007	0.004	0.010	0.007	0.005	
86	2	44	00:12:31  1	80	-6.00	203.00	1.25	0.00	11.381	11.375	11.354	11.356	11.355	11.382	11.405	11.391	11.372	11.379	11.361	11.359	11.373	11.388	11.367	11.375	11.373	11.270	0.005	0.009	0.004	0.004	0.009	0.009	
87	2	44	00:12:41  1	80	-6.00	202.90	1.27	0.00	11.372	11.374	11.356	11.348	11.347	11.381	11.399	11.384	11.372	11.375	11.352	11.353	11.371	11.379	11.361	11.374	11.369	11.264	0.009	0.010	0.004	0.006	0.009	0.008	
88	2	44	00:12:50  1	80	-6.00	202.90	1.28	0.00	11.368	11.370	11.352	11.342	11.344	11.378	11.395	11.379	11.369	11.371	11.348	11.352	11.367	11.374	11.358	11.372	11.365	11.257	0.007	0.011	0.003	0.004	0.009	0.009	
89	2	44	00:13:01  1	80	-6.00	202.70	1.30	0.00	11.368	11.369	11.339	11.337	11.345	11.370	11.385	11.381	11.367	11.363	11.342	11.350	11.362	11.368	11.357	11.367	11.355	11.253	0.012	0.008	0.003	0.007	0.008	0.004	
90	2	44	00:13:11  1	80	-6.00	202.70	1.32	0.00	11.366	11.362	11.333	11.336	11.341	11.362	11.387	11.379	11.358	11.358	11.346	11.344	11.352	11.367	11.355	11.355	11.352	11.255	0.006	0.008	0.007	0.007	0.003	0.007	
91	2	44	00:13:20  1	80	-6.00	202.60	1.33	0.00	11.356	11.356	11.336	11.330	11.330	11.365	11.385	11.372	11.355	11.358	11.342	11.337	11.351	11.367	11.346	11.353	11.354	11.247	0.005	0.009	0.005	0.004	0.009	0.011	
92	2	44	00:13:31  1	80	-6.00	202.50	1.35	0.00	11.355	11.354	11.324	11.328	11.331	11.354	11.378	11.370	11.347	11.350	11.337	11.334	11.344	11.362	11.344	11.347	11.347	11.244	0.006	0.009	0.007	0.006	0.005	0.005	
93	2	44	00:13:41  1	80	-6.00	202.50	1.37	0.00	11.352	11.351	11.318	11.321	11.329	11.351	11.372	11.364	11.343	11.343	11.332	11.334	11.340	11.348	11.341	11.349	11.337	11.238	0.010	0.005	0.003	0.008	0.007	0.005	
94	2	44	00:13:50  1	80	-6.00	202.40	1.38	0.00	11.341	11.350	11.325	11.314	11.319	11.353	11.367	11.354	11.342	11.347	11.324	11.323	11.342	11.352	11.331	11.343	11.338	11.230	0.008	0.011	0.003	0.006	0.011	0.008	
95	2	44	00:14:01  1	80	-6.00	202.40	1.40	0.00	11.344	11.338	11.312	11.315	11.313	11.343	11.366	11.355	11.334	11.339	11.324	11.319	11.333	11.347	11.329	11.333	11.333	11.229	0.005	0.008	0.006	0.003	0.007	0.011	
96	2	44	00:14:11  1	80	-6.00	202.30	1.42	0.00	11.337	11.340	11.308	11.304	11.314	11.341	11.357	11.353	11.335	11.328	11.314	11.319	11.327	11.338	11.329	11.333	11.324	11.220	0.010	0.008	0.002	0.008	0.009	0.004	
97	2	44	00:14:20  1	80	-6.00	202.20	1.43	0.00	11.334	11.327	11.305	11.307	11.304	11.333	11.358	11.344	11.326	11.330	11.314	11.314	11.324	11.337	11.324	11.327	11.321	11.221	0.008	0.008	0.007	0.007	0.004	0.009	
98	2	44	00:14:31  1	80	-6.00	202.10	1.45	0.00	11.324	11.329	11.304	11.295	11.297	11.334	11.354	11.336	11.324	11.325	11.301	11.304	11.324	11.331	11.313	11.326	11.318	11.208	0.009	0.010	0.001	0.005	0.009	0.006	
99	2	44	00:14:41  1	80	-6.00	202.00	1.47	0.00	11.324	11.325	11.291	11.292	11.299	11.323	11.344	11.338	11.318	11.314	11.302	11.303	11.312	11.326	11.313	11.320	11.308	11.209	0.011	0.007	0.002	0.007	0.007	0.005	
100	2	44	00:14:50  1	80	-6.00	201.90	1.48	0.00	11.321	11.321	11.287	11.288	11.294	11.319	11.342	11.333	11.315	11.313	11.298	11.300	11.307	11.323	11.308	11.313	11.307	11.206	0.009	0.007	0.007	0.007	0.006	0.008	
101	2	44	00:15:01  1	80	-6.00	201.80	1.50	0.00	11.313	11.312	11.289	11.283	11.282	11.320	11.339	11.322	11.311	11.313	11.288	11.289	11.311	11.316	11.299	11.312	11.304	11.196	0.008	0.009	0.005	0.003	0.007	0.010	
102	2	44	00:15:11  1	80	-6.00	201.70	1.52	0.00	11.309	11.309	11.275	11.276	11.281	11.309	11.331	11.324	11.308	11.302	11.284	11.291	11.302	11.308	11.298	11.308	11.293	11.192	0.010	0.007	0.003	0.009	0.007	0.004	
103	2	44	00:15:20  1	80	-6.00	201.60	1.53	0.00	11.306	11.302	11.274	11.275	11.275	11.304	11.331	11.319	11.299	11.296	11.281	11.285	11.293	11.308	11.294	11.297	11.291	11.190	0.008	0.005	0.005	0.008	0.004	0.007	
104	2	44	00:15:31  1	80	-6.00	201.50	1.55	0.00	11.300	11.294	11.269	11.269	11.268	11.300	11.326	11.314	11.290	11.296	11.275	11.272	11.291	11.306	11.284	11.292	11.290	11.183	0.006	0.009	0.006	0.004	0.005	0.010	
105	2	44	00:15:41  1	80	-6.00	201.40	1.57	0.00	11.291	11.289	11.266	11.262	11.259	11.298	11.322	11.304	11.286	11.293	11.266	11.266	11.291	11.298	11.276	11.290	11.285	11.177	0.006	0.010	0.006	0.005	0.006	0.009	
106	2	44	00:15:50  1	80	-6.00	201.30	1.58	0.00	11.286	11.285	11.261	11.259	11.258	11.292	11.317	11.303	11.281	11.288	11.264	11.262	11.281	11.297	11.274	11.283	11.280	11.170	0.007	0.008	0.007	0.004	0.008	0.011	
107	2	44	00:16:01  1	80	-6.00	201.20	1.60	0.00	11.282	11.280	11.257	11.252	11.249	11.289	11.312	11.295	11.278	11.284	11.257	11.256	11.280	11.290	11.269	11.278	11.273	11.166	0.006	0.008	0.006	0.006	0.005	0.008	
108	2	44	00:16:11  1	80	-6.00	201.10	1.62	0.00	11.273	11.280	11.250	11.245	11.247	11.285	11.307	11.289	11.275	11.279	11.251	11.253	11.275	11.283	11.260	11.276	11.269	11.155	0.008	0.010	0.001	0.004	0.010	0.009	
109	2	44	00:16:20  1	80	-6.00	201.00	1.63	0.00	11.270	11.275	11.247	11.235	11.243	11.283	11.297	11.286	11.274	11.269	11.244	11.252	11.269	11.274	11.259	11.272	11.259	11.151	0.011	0.009	0.000	0.008	0.007	0.005	
110	2	44	00:16:31  1	80	-6.00	200.90	1.65	0.00	11.267	11.264	11.241	11.235	11.233	11.276	11.299	11.280	11.262	11.270	11.241	11.239	11.264	11.273	11.250	11.266	11.258	11.148	0.006	0.008	0.006	0.005	0.004	0.010	
111	2	44	00:16:41  1	80	-6.00	200.90	1.67	0.00	11.265	11.257	11.232	11.230	11.228	11.265	11.292	11.276	11.259	11.256	11.239	11.240	11.254	11.267	11.250	11.255	11.250	11.144	0.007	0.006	0.006	0.007	0.006	0.008	
112	2	44	00:16:50  1	80	-6.00	200.80	1.68	0.00	11.255	11.259	11.224	11.220	11.226	11.267	11.282	11.268	11.258	11.256	11.228	11.233	11.255	11.257	11.241	11.259	11.243	11.133	0.010	0.009	0.002	0.007	0.010	0.004	
113	2	44	00:17:01  1	80	-6.00	200.70	1.70	0.00	11.248	11.250	11.226	11.215	11.215	11.260	11.282	11.262	11.249	11.252	11.221	11.225	11.251	11.256	11.232	11.253	11.239	11.125	0.007	0.009	0.005	0.005	0.008	0.008	
114	2	44	00:17:11  1	80	-6.00	200.60	1.72	0.00	11.247	11.239	11.215	11.212	11.207	11.251	11.277	11.263	11.240	11.240	11.222	11.221	11.239	11.251	11.232	11.239	11.235	11.127	0.006	0.008	0.007	0.006	0.006	0.009	
115	2	44	00:17:20  1	80	-6.00	200.50	1.73	0.00	11.235	11.243	11.214	11.202	11.206	11.251	11.266	11.255	11.242	11.237	11.208	11.219	11.236	11.241	11.226	11.241	11.231	11.116	0.007	0.011	0.003	0.006	0.010	0.006	
116	2	44	00:17:31  1	80	-6.00	200.40	1.75	0.00	11.231	11.235	11.208	11.197	11.199	11.244	11.265	11.246	11.229	11.234	11.209	11.206	11.230	11.241	11.218	11.232	11.226	11.112	0.007	0.010	0.005	0.004	0.008	0.009	
117	2	44	00:17:41  1	80	-6.00	200.20	1.77	0.00	11.231	11.231	11.195	11.194	11.199	11.235	11.257	11.248	11.225	11.221	11.202	11.205	11.221	11.235	11.217	11.223	11.213	11.109	0.008	0.005	0.006	0.007	0.008	0.011	
118	2	44	00:17:50  1	80	-6.00	200.20	1.78	0.00	11.224	11.221	11.194	11.188	11.184	11.229	11.257	11.238	11.217	11.225	11.196	11.194	11.220	11.233	11.203	11.221	11.214	11.099	0.007	0.009	0.004	0.005	0.008	0.010	
119	2	44	00:18:01  1	80	-6.00	200.10	1.80	0.00	11.211	11.217	11.190	11.177	11.179	11.227	11.247	11.229	11.217	11.217	11.183	11.191	11.215	11.219	11.199	11.220	11.207	11.090	0.008	0.011	0.004	0.006	0.009	0.008	
120	2	44	00:18:11  1	80	-6.00	199.90	1.82	0.00	11.206	11.216	11.181	11.168	11.176	11.219	11.237	11.227	11.210	11.212	11.178	11.185	11.212	11.214	11.192	11.214	11.197	11.084	0.010	0.009	0.001	0.008	0.009	0.006	
121	2	44	00:18:20  1	80	-6.00	199.90	1.83	0.00	11.201	11.209	11.177	11.163	11.167	11.217	11.234	11.219	11.205	11.205	11.171	11.179	11.205	11.208	11.188	11.205	11.189	11.077	0.009	0.011	0.003	0.005	0.010	0.008	
122	2	44	00:18:31  1	80	-6.00	199.70	1.85	0.00	11.200	11.201	11.164	11.160	11.165	11.204	11.228	11.217	11.196	11.193	11.166	11.177	11.195	11.201	11.185	11.199	11.182	11.073	0.010	0.007	0.003	0.006	0.007	0.007	
123	2	44	00:18:41  1	80	-6.00	199.50	1.87	0.00	11.192	11.190	11.164	11.155	11.151	11.201	11.226	11.209	11.189	11.194	11.159	11.163	11.194	11.197	11.170	11.191	11.181	11.061	0.009	0.009	0.004	0.004	0.007	0.008	
124	2	44	00:18:50  1	80	-6.00	199.50	1.88	0.00	11.189	11.189	11.150	11.149	11.150	11.191	11.218	11.209	11.183	11.182	11.157	11.159	11.178	11.194	11.171	11.180	11.169	11.062	0.010	0.006	0.005	0.010	0.006	0.006	
125	2	44	00:19:01  1	80	-6.00	199.40	1.90	0.00	11.181	11.184	11.143	11.139	11.143	11.185	11.210	11.201	11.182	11.177	11.145	11.153	11.180	11.181	11.165	11.181	11.162	11.052	0.011	0.007	0.004	0.008	0.008	0.004	
126	2	44	00:19:11  1	80	-6.00	199.30	1.92	0.00	11.169	11.178	11.143	11.127	11.135	11.187	11.204	11.190	11.177	11.172	11.137	11.147	11.173	11.175	11.156	11.175	11.155	11.042	0.011	0.008	0.003	0.008	0.009	0.005	
127	2	44	00:19:20  1	80	-6.00	199.20	1.93	0.00	11.169	11.165	11.135	11.127	11.123	11.175	11.205	11.185	11.161	11.168	11.135	11.135	11.166	11.176	11.147	11.166	11.156	11.034	0.008	0.007	0.004	0.005	0.004	0.010	
128	2	44	00:19:31  1	80	-6.00	199.10	1.95	0.00	11.162	11.161	11.124	11.120	11.119	11.166	11.194	11.183	11.153	11.157	11.126	11.133	11.156	11.165	11.145	11.159	11.142	11.031	0.008	0.005	0.005	0.009	0.006	0.006	
129	2	44	00:19:41  1	80	-6.00	199.00	1.97	0.00	11.151	11.158	11.122	11.106	11.110	11.166	11.187	11.170	11.156	11.152	11.114	11.124	11.155	11.154	11.133	11.156	11.136	11.018	0.010	0.008	0.003	0.007	0.009	0.008	
130	2	44	00:19:51  1	80	-6.00	198.80	1.98	0.00	11.147	11.143	11.113	11.105	11.099	11.154	11.185	11.165	11.141	11.146	11.112	11.111	11.144	11.154	11.131	11.143	11.131	11.015	0.007	0.008	0.007	0.007	0.006	0.009	
131	2	44	00:20:01  1	80	-6.00	198.70	2.00	0.00	11.137	11.139	11.108	11.095	11.091	11.152	11.177	11.157	11.139	11.143	11.102	11.105	11.141	11.147	11.116	11.142	11.127	11.000	0.007	0.010	0.003	0.006	0.009	0.008	
132	2	44	00:20:11  1	80	-6.00	198.50	2.02	0.00	11.134	11.137	11.096	11.085	11.091	11.140	11.167	11.154	11.132	11.126	11.097	11.103	11.127	11.138	11.115	11.128	11.114	10.995	0.010	0.008	0.003	0.008	0.007	0.003	
133	2	44	00:20:20  1	80	-6.00	198.30	2.03	0.00	11.128	11.129	11.086	11.080	11.080	11.132	11.161	11.151	11.124	11.121	11.091	11.092	11.119	11.133	11.105	11.121	11.107	10.990	0.010	0.005	0.005	0.008	0.006	0.007	
134	2	44	00:20:31  1	80	-6.00	198.10	2.05	0.00	11.119	11.115	11.079	11.072	11.069	11.126	11.158	11.140	11.115	11.115	11.082	11.086	11.114	11.127	11.100	11.114	11.099	10.979	0.007	0.006	0.007	0.008	0.004	0.009	
135	2	44	00:20:41  1	80	-6.00	198.00	2.07	0.00	11.107	11.109	11.077	11.062	11.058	11.121	11.150	11.129	11.109	11.114	11.068	11.073	11.113	11.116	11.084	11.111	11.095	10.964	0.007	0.011	0.003	0.004	0.011	0.007	
136	2	44	00:20:50  1	80	-6.00	197.90	2.08	0.00	11.100	11.107	11.064	11.050	11.056	11.114	11.137	11.128	11.104	11.099	11.059	11.071	11.105	11.105	11.081	11.106	11.085	10.956	0.012	0.009	0.000	0.006	0.010	0.005	
137	2	44	00:21:01  1	80	-6.00	197.70	2.10	0.00	11.090	11.098	11.062	11.043	11.041	11.110	11.135	11.114	11.096	11.096	11.051	11.060	11.098	11.098	11.070	11.099	11.077	10.946	0.010	0.010	0.002	0.007	0.008	0.010	
138	2	44	00:21:11  1	80	-6.00	197.60	2.12	0.00	11.084	11.085	11.051	11.035	11.030	11.100	11.130	11.107	11.084	11.090	11.042	11.049	11.090	11.095	11.065	11.085	11.070	10.941	0.006	0.008	0.007	0.005	0.007	0.010	
139	2	44	00:21:20  1	80	-6.00	197.50	2.13	0.00	11.080	11.083	11.037	11.026	11.028	11.088	11.118	11.107	11.082	11.078	11.033	11.045	11.081	11.082	11.057	11.081	11.057	10.930	0.011	0.009	0.002	0.008	0.006	0.004	
140	2	44	00:21:31  1	80	-6.00	197.30	2.15	0.00	11.063	11.073	11.035	11.015	11.013	11.086	11.114	11.092	11.072	11.072	11.022	11.032	11.075	11.074	11.042	11.073	11.050	10.915	0.011	0.010	0.003	0.007	0.009	0.005	
141	2	44	00:21:41  1	80	-6.00	197.10	2.17	0.00	11.062	11.063	11.018	11.009	11.007	11.071	11.106	11.088	11.058	11.060	11.020	11.021	11.060	11.069	11.036	11.056	11.039	10.913	0.010	0.006	0.004	0.008	0.004	0.007	
142	2	44	00:21:50  1	80	-6.00	197.00	2.18	0.00	11.053	11.051	11.013	10.998	10.993	11.065	11.101	11.080	11.049	11.056	11.010	11.015	11.055	11.062	11.030	11.050	11.033	10.904	0.008	0.008	0.006	0.006	0.005	0.009	
143	2	44	00:22:01  1	80	-6.00	196.90	2.20	0.00	11.037	11.045	11.005	10.988	10.982	11.058	11.092	11.069	11.042	11.048	10.996	11.001	11.048	11.054	11.012	11.043	11.027	10.886	0.007	0.010	0.004	0.004	0.008	0.008	
144	2	44	00:22:11  1	80	-6.00	196.60	2.22	0.00	11.028	11.040	10.991	10.971	10.975	11.051	11.076	11.061	11.037	11.032	10.982	10.996	11.037	11.037	11.007	11.038	11.008	10.873	0.010	0.009	0.001	0.007	0.011	0.006	
145	2	44	00:22:20  1	80	-6.00	196.40	2.23	0.00	11.024	11.032	10.980	10.966	10.967	11.039	11.069	11.057	11.027	11.024	10.979	10.987	11.027	11.035	11.001	11.024	11.003	10.869	0.008	0.006	0.007	0.008	0.004	0.007	
146	2	44	00:22:31  1	80	-6.00	196.30	2.25	0.00	11.008	11.022	10.975	10.950	10.952	11.035	11.060	11.044	11.020	11.014	10.961	10.976	11.020	11.019	10.988	11.017	10.996	10.850	0.008	0.011	0.002	0.007	0.009	0.008	
147	2	44	00:22:41  1	80	-6.00	196.10	2.27	0.00	10.998	11.009	10.963	10.938	10.936	11.025	11.053	11.032	11.005	11.011	10.952	10.958	11.013	11.017	10.971	11.007	10.987	10.838	0.008	0.012	0.004	0.004	0.009	0.008	
148	2	44	00:22:50  1	80	-6.00	196.00	2.28	0.00	10.995	10.997	10.945	10.932	10.927	11.008	11.047	11.029	10.999	10.994	10.941	10.954	10.998	11.003	10.969	10.995	10.971	10.832	0.010	0.007	0.006	0.008	0.005	0.008	
149	2	44	00:23:01  1	80	-6.00	195.70	2.30	0.00	10.977	10.991	10.940	10.915	10.914	11.005	11.033	11.015	10.989	10.987	10.923	10.939	10.994	10.990	10.952	10.987	10.960	10.811	0.009	0.009	0.000	0.008	0.007	0.005	
150	2	44	00:23:11  1	80	-6.00	195.50	2.32	0.00	10.973	10.973	10.927	10.906	10.896	10.990	11.030	11.008	10.972	10.979	10.915	10.920	10.980	10.984	10.936	10.971	10.950	10.805	0.007	0.008	0.006	0.006	0.006	0.009	
151	2	44	00:23:20  1	80	-6.00	195.40	2.33	0.00	10.955	10.964	10.917	10.896	10.886	10.980	11.024	10.998	10.964	10.969	10.905	10.910	10.972	10.975	10.926	10.963	10.943	10.785	0.006	0.010	0.005	0.004	0.008	0.009	
152	2	44	00:23:31  1	80	-6.00	195.10	2.35	0.00	10.944	10.956	10.907	10.876	10.869	10.974	11.009	10.984	10.955	10.958	10.885	10.900	10.963	10.959	10.913	10.953	10.927	10.771	0.007	0.009	0.003	0.003	0.009	0.008	
153	2	44	00:23:41  1	80	-6.00	194.80	2.37	0.00	10.931	10.947	10.888	10.862	10.858	10.961	10.999	10.973	10.946	10.945	10.871	10.886	10.953	10.947	10.901	10.943	10.913	10.751	0.010	0.010	0.001	0.006	0.008	0.006	
154	2	44	00:23:50  1	80	-6.00	194.70	2.38	0.00	10.920	10.932	10.882	10.848	10.842	10.953	10.988	10.961	10.934	10.935	10.859	10.875	10.942	10.937	10.888	10.933	10.901	10.736	0.009	0.010	0.001	0.007	0.008	0.004	
155	2	44	00:24:01  1	80	-6.00	194.40	2.40	0.00	10.909	10.923	10.861	10.831	10.829	10.937	10.972	10.956	10.922	10.913	10.844	10.862	10.925	10.922	10.877	10.918	10.886	10.720	0.010	0.008	0.002	0.007	0.010	0.004	
156	2	44	00:24:11  1	80	-6.00	194.20	2.42	0.00	10.897	10.902	10.847	10.818	10.805	10.922	10.968	10.941	10.905	10.906	10.832	10.843	10.911	10.919	10.863	10.901	10.874	10.708	0.006	0.008	0.007	0.005	0.005	0.007	
157	2	44	00:24:20  1	80	-6.00	193.90	2.43	0.00	10.882	10.896	10.830	10.800	10.796	10.917	10.956	10.929	10.896	10.895	10.808	10.830	10.906	10.897	10.847	10.893	10.857	10.684	0.009	0.009	0.002	0.007	0.008	0.005	
158	2	44	00:24:31  1	80	-6.00	193.70	2.45	0.00	10.865	10.878	10.820	10.781	10.772	10.903	10.943	10.915	10.880	10.881	10.790	10.810	10.891	10.883	10.827	10.879	10.841	10.660	0.005	0.008	0.001	0.005	0.008	0.009	
159	2	44	00:24:42  1	80	-6.00	193.40	2.47	0.00	10.851	10.861	10.802	10.763	10.749	10.887	10.931	10.908	10.861	10.865	10.778	10.791	10.873	10.875	10.813	10.859	10.829	10.646	0.005	0.009	0.006	0.003	0.007	0.010	
160	2	44	00:24:50  1	80	-6.00	193.10	2.48	0.00	10.836	10.855	10.785	10.741	10.738	10.874	10.914	10.894	10.854	10.850	10.756	10.781	10.863	10.855	10.800	10.849	10.807	10.623	0.009	0.010	0.002	0.006	0.010	0.006	
161	2	44	00:25:01  1	80	-6.00	192.90	2.50	0.00	10.819	10.836	10.769	10.720	10.713	10.861	10.901	10.877	10.834	10.840	10.739	10.755	10.850	10.845	10.777	10.834	10.796	10.600	0.007	0.009	0.003	0.004	0.010	0.009	
162	2	44	00:25:12  1	80	-6.00	192.50	2.52	0.00	10.809	10.816	10.746	10.707	10.689	10.840	10.895	10.866	10.817	10.821	10.718	10.733	10.832	10.829	10.758	10.815	10.778	10.573	0.006	0.010	0.005	0.004	0.008	0.009	
163	2	44	00:25:20  1	80	-6.00	192.20	2.53	0.00	10.789	10.805	10.724	10.679	10.672	10.828	10.874	10.853	10.806	10.799	10.695	10.718	10.815	10.809	10.745	10.800	10.753	10.552	0.009	0.006	0.005	0.008	0.004	0.006	
164	2	44	00:25:30  1	80	-6.00	191.80	2.55	0.00	10.771	10.784	10.711	10.661	10.642	10.813	10.868	10.835	10.788	10.792	10.670	10.694	10.807	10.794	10.724	10.783	10.743	10.529	0.006	0.009	0.006	0.005	0.006	0.009	
165	2	44	00:25:42  1	80	-6.00	191.50	2.57	0.00	10.744	10.762	10.683	10.625	10.609	10.792	10.847	10.813	10.763	10.770	10.645	10.665	10.785	10.778	10.693	10.760	10.716	10.487	0.006	0.010	0.006	0.003	0.007	0.008	
166	2	44	00:25:50  1	80	-6.00	191.10	2.58	0.00	10.729	10.751	10.659	10.602	10.592	10.776	10.828	10.805	10.751	10.744	10.617	10.649	10.765	10.754	10.677	10.743	10.688	10.461	0.010	0.009	0.002	0.007	0.008	0.005	
167	2	44	00:26:01  1	80	-6.00	190.60	2.60	0.00	10.701	10.725	10.637	10.571	10.551	10.758	10.817	10.786	10.726	10.731	10.593	10.615	10.749	10.738	10.647	10.723	10.673	10.424	0.006	0.010	0.004	0.003	0.007	0.009	
168	2	44	00:26:12  1	80	-6.00	190.20	2.62	0.00	10.684	10.707	10.604	10.542	10.528	10.736	10.796	10.771	10.705	10.702	10.559	10.591	10.725	10.711	10.625	10.699	10.638	10.389	0.009	0.008	0.002	0.009	0.008	0.005	
169	2	44	00:26:20  1	80	-6.00	189.80	2.63	0.00	10.663	10.679	10.581	10.517	10.487	10.713	10.785	10.750	10.681	10.685	10.527	10.554	10.709	10.696	10.592	10.675	10.621	10.356	0.007	0.006	0.006	0.006	0.004	0.008	
170	2	44	00:26:30  1	80	-6.00	189.30	2.65	0.00	10.633	10.659	10.555	10.474	10.455	10.698	10.763	10.728	10.665	10.662	10.489	10.531	10.689	10.664	10.566	10.660	10.595	10.311	0.009	0.010	0.004	0.005	0.008	0.008	
171	2	44	00:26:42  1	80	-6.00	188.50	2.67	0.00	10.610	10.626	10.516	10.439	10.409	10.666	10.746	10.709	10.629	10.637	10.453	10.486	10.663	10.646	10.529	10.624	10.557	10.256	0.006	0.009	0.005	0.004	0.006	0.010	
172	2	44	00:26:50  1	80	-6.00	188.20	2.68	0.00	10.574	10.604	10.486	10.394	10.368	10.649	10.722	10.682	10.609	10.610	10.408	10.455	10.642	10.612	10.498	10.602	10.524	10.207	0.011	0.011	0.001	0.005	0.009	0.010	
173	2	44	00:27:01  1	80	-6.00	187.50	2.70	0.00	10.545	10.566	10.443	10.351	10.316	10.615	10.702	10.659	10.572	10.579	10.373	10.415	10.613	10.590	10.464	10.568	10.493	10.166	0.007	0.007	0.006	0.007	0.005	0.008	
174	2	44	00:27:12  1	80	-6.00	186.80	2.72	0.00	10.509	10.543	10.404	10.298	10.273	10.590	10.673	10.638	10.548	10.543	10.317	10.372	10.583	10.551	10.424	10.539	10.446	10.102	0.010	0.006	0.004	0.008	0.006	0.004	
175	2	44	00:27:20  1	80	-6.00	186.20	2.73	0.00	10.478	10.504	10.364	10.258	10.219	10.558	10.656	10.611	10.511	10.518	10.284	10.332	10.557	10.530	10.389	10.506	10.421	10.059	0.007	0.007	0.007	0.006	0.004	0.009	
176	2	44	00:27:30  1	80	-6.00	185.40	2.75	0.00	10.440	10.477	10.321	10.201	10.172	10.530	10.624	10.587	10.488	10.489	10.226	10.287	10.535	10.493	10.343	10.479	10.379	9.992	0.010	0.009	0.001	0.008	0.008	0.004	
177	2	44	00:27:42  1	80	-6.00	184.60	2.77	0.00	10.393	10.430	10.271	10.136	10.103	10.495	10.596	10.548	10.440	10.441	10.157	10.222	10.492	10.445	10.283	10.430	10.333	9.922	0.008	0.011	0.003	0.003	0.009	0.008	
178	2	44	00:27:50  1	80	-6.00	183.80	2.78	0.00	10.359	10.389	10.216	10.086	10.045	10.454	10.571	10.523	10.395	10.401	10.106	10.168	10.454	10.414	10.235	10.384	10.280	9.863	0.007	0.006	0.005	0.008	0.005	0.006	
179	2	44	00:28:01  1	80	-6.00	182.90	2.80	0.00	10.303	10.345	10.157	10.009	9.976	10.414	10.531	10.486	10.360	10.359	10.039	10.117	10.422	10.365	10.181	10.349	10.226	9.780	0.010	0.009	0.004	0.007	0.008	0.005	
180	2	44	00:28:12  1	80	-6.00	181.90	2.82	0.00	10.260	10.294	10.102	9.950	9.906	10.371	10.506	10.450	10.302	10.308	9.973	10.045	10.374	10.322	10.115	10.288	10.171	9.702	0.005	0.008	0.007	0.004	0.006	0.009	
181	2	44	00:28:20  1	80	-6.00	181.10	2.83	0.00	10.207	10.246	10.049	9.884	9.836	10.330	10.473	10.410	10.253	10.262	9.918	9.995	10.337	10.282	10.070	10.247	10.123	9.640	0.006	0.009	0.006	0.004	0.006	0.008	
182	3	22	00:00:00  1	80	0.00	193.80	0.00	0.00	10.839	10.849	10.750	10.669	10.645	10.902	10.984	10.951	10.870	10.868	10.692	10.729	10.906	10.881	10.765	10.863	10.797	10.612	0.008	0.010	0.004	0.005	0.009	0.008	
